lastAccountName: mikanz4
timestamps:
  login: 1485004616482
  logout: 1485009038618
ipAddress: 202.180.193.176
logoutlocation:
  world: world
  x: -138.3561336850314
  y: 99.53888364506412
  z: 193.61304817983213
  yaw: -322.80542
  pitch: 23.399986
lastlocation:
  world: world
  x: -171.4319432027434
  y: 70.0
  z: 246.29770394394086
  yaw: -104.09994
  pitch: 16.2
