lastAccountName: mikanz4
timestamps:
  login: 1485606504744
  logout: 1485609575976
ipAddress: 202.180.193.176
logoutlocation:
  world: world
  x: -127.76666704821906
  y: 76.5
  z: 210.8157534187694
  yaw: -227.85022
  pitch: 7.4999857
lastlocation:
  world: world
  x: -171.4319432027434
  y: 70.0
  z: 246.29770394394086
  yaw: -104.09994
  pitch: 16.2
