lastAccountName: mikanz4
timestamps:
  login: 1484662434459
  logout: 1484663328363
ipAddress: 202.180.193.176
logoutlocation:
  world: world
  x: -202.3657059084315
  y: 68.0
  z: 220.3950497480319
  yaw: 261.4499
  pitch: 5.250006
lastlocation:
  world: world
  x: -171.4319432027434
  y: 70.0
  z: 246.29770394394086
  yaw: -104.09994
  pitch: 16.2
