lastAccountName: mikanz4
timestamps:
  login: 1485524299617
  logout: 1485528269278
ipAddress: 202.180.193.176
logoutlocation:
  world: world
  x: -137.89944935420624
  y: 73.0
  z: 197.761168782449
  yaw: 40.19995
  pitch: 19.950039
lastlocation:
  world: world
  x: -171.4319432027434
  y: 70.0
  z: 246.29770394394086
  yaw: -104.09994
  pitch: 16.2
