lastAccountName: mikanz4
timestamps:
  login: 1484902150716
  logout: 1484913363681
ipAddress: 202.180.193.176
logoutlocation:
  world: world
  x: -145.61181464087616
  y: 19.0
  z: 248.43924508902535
  yaw: -179.09981
  pitch: -11.549998
lastlocation:
  world: world
  x: -171.4319432027434
  y: 70.0
  z: 246.29770394394086
  yaw: -104.09994
  pitch: 16.2
