lastAccountName: mikanz4
timestamps:
  login: 1484741582888
  logout: 1484745408323
ipAddress: 202.180.193.176
logoutlocation:
  world: world
  x: -171.86730386606203
  y: 71.0
  z: 248.4501162765235
  yaw: 33.151176
  pitch: 14.8499775
lastlocation:
  world: world
  x: -171.4319432027434
  y: 70.0
  z: 246.29770394394086
  yaw: -104.09994
  pitch: 16.2
