lastAccountName: tyouamattoG
timestamps:
  login: 1490537823463
  logout: 1490537820695
  lastteleport: 1485047039318
ipAddress: 127.0.0.1
logoutlocation:
  world: world
  x: -229.90519378850175
  y: 145.92716284901056
  z: 666.7148448405554
  yaw: 84.34277
  pitch: 51.599945
lastlocation:
  world: world
  x: -1162.5
  y: 65.0
  z: 1013.5
  yaw: 0.0
  pitch: 0.0
afk: false
