lastAccountName: tyouamattoG
timestamps:
  login: 1484481907145
  logout: 1484489531250
  lastteleport: 1483543911435
ipAddress: 14.132.31.53
logoutlocation:
  world: world
  x: -1165.0447401413926
  y: 65.0
  z: 1012.9853425584919
  yaw: -87.0
  pitch: 7.0499945
lastlocation:
  world: world
  x: -1162.5
  y: 65.0
  z: 1013.5
  yaw: -56.5499
  pitch: 20.850002
afk: false
