lastAccountName: tyouamattoG
timestamps:
  login: 1490465737455
  logout: 1490468089513
  lastteleport: 1485047039318
ipAddress: 14.132.214.184
logoutlocation:
  world: world
  x: -287.06275278196046
  y: 64.0
  z: 683.5815578077086
  yaw: 296.33655
  pitch: 59.24994
lastlocation:
  world: world
  x: -1162.5
  y: 65.0
  z: 1013.5
  yaw: 0.0
  pitch: 0.0
afk: false
