lastAccountName: tyouamattoG
timestamps:
  login: 1485670373050
  logout: 1485700934091
  lastteleport: 1485047039318
ipAddress: 14.132.31.53
logoutlocation:
  world: world
  x: -1164.9427580523368
  y: 65.0
  z: 1013.2697117898615
  yaw: -23.104248
  pitch: 9.750072
lastlocation:
  world: world
  x: -1162.5
  y: 65.0
  z: 1013.5
  yaw: 0.0
  pitch: 0.0
afk: false
