lastAccountName: tyouamattoG
timestamps:
  login: 1485775064933
  logout: 1485784365571
  lastteleport: 1485047039318
ipAddress: 14.132.31.53
logoutlocation:
  world: world
  x: -183.120849609375
  y: 71.8500000178814
  z: 243.06396484375
  yaw: 184.2284
  pitch: 23.1
lastlocation:
  world: world
  x: -1162.5
  y: 65.0
  z: 1013.5
  yaw: 0.0
  pitch: 0.0
afk: false
