lastAccountName: tyouamattoG
timestamps:
  login: 1485098738605
  logout: 1485056696344
  lastteleport: 1485047039318
ipAddress: 14.132.31.53
logoutlocation:
  world: world
  x: -1161.241595889338
  y: 65.5625
  z: 1014.4474430048873
  yaw: 104.099625
  pitch: 32.100002
lastlocation:
  world: world
  x: -1162.5
  y: 65.0
  z: 1013.5
  yaw: 0.0
  pitch: 0.0
afk: false
