timestamps:
  lastteleport: 1484836561820
  logout: 1490460927435
  login: 1490515428129
  jail: 0
lastlocation:
  world: gaikaku
  x: -422.92500001192093
  y: 141.0
  z: -29.69476385391777
  yaw: 232.79161
  pitch: 18.449919
logoutlocation:
  world: world
  x: -278.7878876806486
  y: 78.87760338847406
  z: 435.0109643263477
  yaw: 16.501465
  pitch: -10.200357
lastAccountName: Cokadori
ipAddress: 120.72.13.198
afk: false
money: '0.0'
jailed: false
