timestamps:
  lastteleport: 1484836561820
  logout: 1485525712385
  login: 1485519903474
lastlocation:
  world: world
  x: -240.30000001192093
  y: 12.395021561516701
  z: 414.69999998807907
  yaw: -130.22412
  pitch: 24.299936
logoutlocation:
  world: world
  x: -127.89980480569065
  y: 81.73651063106678
  z: 197.93893582107282
  yaw: 178.47076
  pitch: 60.74998
lastAccountName: Cokadori
ipAddress: 120.72.13.198
afk: false
