timestamps:
  lastteleport: 1484836561820
  logout: 1485357023264
  login: 1485354464302
lastlocation:
  world: world
  x: -240.30000001192093
  y: 12.395021561516701
  z: 414.69999998807907
  yaw: -130.22412
  pitch: 24.299936
logoutlocation:
  world: world
  x: -176.93262026684232
  y: 70.0
  z: 175.46337442815724
  yaw: -60.478394
  pitch: 22.650034
lastAccountName: Cokadori
ipAddress: 120.72.13.198
afk: false
