timestamps:
  lastteleport: 1484746881891
  logout: 1484747222182
  login: 1484734208200
lastlocation:
  world: world
  x: -214.04427369186078
  y: 14.0
  z: 187.20472183277332
  yaw: 46.499878
  pitch: 10.949806
logoutlocation:
  world: world
  x: -196.985979109672
  y: 67.9375
  z: 186.42944841884034
  yaw: -331.002
  pitch: 27.899862
lastAccountName: Cokadori
ipAddress: 120.72.13.198
afk: false
