timestamps:
  lastteleport: 1484836561820
  logout: 1484747222182
  login: 1485179150182
lastlocation:
  world: world
  x: -240.30000001192093
  y: 12.395021561516701
  z: 414.69999998807907
  yaw: -130.22412
  pitch: 24.299936
logoutlocation:
  world: world
  x: -196.985979109672
  y: 67.9375
  z: 186.42944841884034
  yaw: -331.002
  pitch: 27.899862
lastAccountName: Cokadori
ipAddress: 120.72.13.198
afk: false
