timestamps:
  lastteleport: 1484836561820
  logout: 1485617691859
  login: 1485579775338
lastlocation:
  world: world
  x: -240.30000001192093
  y: 12.395021561516701
  z: 414.69999998807907
  yaw: -130.22412
  pitch: 24.299936
logoutlocation:
  world: world
  x: -223.89289698404892
  y: 82.40763840892353
  z: 207.08296539917743
  yaw: -2.128296
  pitch: 73.95002
lastAccountName: Cokadori
ipAddress: 120.72.13.198
afk: false
