timestamps:
  lastteleport: 1484836561820
  logout: 1485784050964
  login: 1485780455639
lastlocation:
  world: world
  x: -240.30000001192093
  y: 12.395021561516701
  z: 414.69999998807907
  yaw: -130.22412
  pitch: 24.299936
logoutlocation:
  world: world
  x: -159.91821025256843
  y: 108.23145556066756
  z: 198.83861941951739
  yaw: 299.2207
  pitch: 34.499943
lastAccountName: Cokadori
ipAddress: 120.72.13.198
afk: false
