timestamps:
  lastteleport: 1484238376597
  logout: 1484489373382
  login: 1484481483300
lastlocation:
  world: world
  x: 1000002.3849339478
  y: 24.0
  z: 99955.82711317648
  yaw: -269.9638
  pitch: 17.55002
logoutlocation:
  world: world
  x: -68.35506148666543
  y: 133.23956497402688
  z: 625.2929873586759
  yaw: 219.90271
  pitch: 9.000609
lastAccountName: Cokadori
ipAddress: 120.72.13.198
afk: false
