timestamps:
  lastteleport: 1484836561820
  logout: 1485784050964
  login: 1486039819228
  jail: 0
lastlocation:
  world: gaikaku
  x: -422.92500001192093
  y: 141.0
  z: -29.69476385391777
  yaw: 232.79161
  pitch: 18.449919
logoutlocation:
  world: world
  x: -159.91821025256843
  y: 108.23145556066756
  z: 198.83861941951739
  yaw: 299.2207
  pitch: 34.499943
lastAccountName: Cokadori
ipAddress: 120.72.13.198
afk: false
money: '0.0'
jailed: false
