timestamps:
  lastteleport: 1484238376597
  logout: 1484577361598
  login: 1484575469564
lastlocation:
  world: world
  x: 1000002.3849339478
  y: 24.0
  z: 99955.82711317648
  yaw: -269.9638
  pitch: 17.55002
logoutlocation:
  world: world
  x: -65.93128790438463
  y: 12.200000047683716
  z: 288.30000001192093
  yaw: 264.9078
  pitch: 17.100437
lastAccountName: Cokadori
ipAddress: 120.72.13.198
afk: false
