lastAccountName: Ngt_0
timestamps:
  login: 1485085896624
  logout: 1485021562486
  lastteleport: 1484840742042
ipAddress: 14.132.185.68
lastlocation:
  world: world
  x: -186.5
  y: 70.0
  z: 257.5
  yaw: -0.3
  pitch: 0.0
logoutlocation:
  world: world
  x: -167.19396887478288
  y: 66.0
  z: 277.56441441176315
  yaw: 152.49841
  pitch: -5.9999995
afk: false
