lastAccountName: Ngt_0
timestamps:
  login: 1490455892240
  logout: 1490456990626
  lastteleport: 1484840742042
  jail: 0
ipAddress: 14.132.216.32
lastlocation:
  world: world
  x: -258.5
  y: 49.41999998688698
  z: 234.5
  yaw: -4.7990847
  pitch: 19.349955
logoutlocation:
  world: world
  x: -282.7792076990318
  y: -215.58763406694177
  z: 467.7798616136385
  yaw: 262.64856
  pitch: 49.349964
afk: false
money: '0.0'
jailed: false
