lastAccountName: Ngt_0
timestamps:
  login: 1484925692800
  logout: 1484929368580
  lastteleport: 1484840742042
ipAddress: 14.132.185.68
lastlocation:
  world: world
  x: -186.5
  y: 70.0
  z: 257.5
  yaw: -0.3
  pitch: 0.0
logoutlocation:
  world: world
  x: -128.29477190762003
  y: 70.0
  z: 253.1758289599091
  yaw: 11.810772
  pitch: 90.0
afk: false
