lastAccountName: Ngt_0
timestamps:
  login: 1485171117953
  logout: 1485171117632
  lastteleport: 1484840742042
ipAddress: 14.132.185.68
lastlocation:
  world: world
  x: -891.3598706010472
  y: 72.86859856141189
  z: 300.07137949449117
  yaw: -104.21838
  pitch: 7.349981
logoutlocation:
  world: world
  x: -226.36137671363673
  y: 80.0
  z: 272.02261745137884
  yaw: -186.40881
  pitch: 46.94996
afk: false
