lastAccountName: Ngt_0
timestamps:
  login: 1485600198253
  logout: 1485606458134
  lastteleport: 1484840742042
ipAddress: 14.132.211.55
lastlocation:
  world: world
  x: -891.3598706010472
  y: 72.86859856141189
  z: 300.07137949449117
  yaw: -104.21838
  pitch: 7.349981
logoutlocation:
  world: world
  x: -217.00027447461662
  y: 74.74317126936853
  z: 261.923757908368
  yaw: 5.5419617
  pitch: 6.4499936
afk: false
