lastAccountName: Ngt_0
timestamps:
  login: 1485262774957
  logout: 1485266896491
  lastteleport: 1484840742042
ipAddress: 14.132.185.68
lastlocation:
  world: world
  x: -891.3598706010472
  y: 72.86859856141189
  z: 300.07137949449117
  yaw: -104.21838
  pitch: 7.349981
logoutlocation:
  world: world
  x: -177.72023540447003
  y: 80.79433158186421
  z: 260.0167135727265
  yaw: 159.76453
  pitch: 24.599987
afk: false
