lastAccountName: Ngt_0
timestamps:
  login: 1484357616166
  logout: 1484365151481
  lastteleport: 1483592951750
ipAddress: 14.132.213.37
lastlocation:
  world: world
  x: -472.87592632272185
  y: 63.85000001788139
  z: 362.8470393613004
  yaw: 301.14166
  pitch: 0.4499528
logoutlocation:
  world: world
  x: -182.651533797174
  y: 70.0
  z: 257.8801928461355
  yaw: -265.0232
  pitch: 7.500031
afk: false
