lastAccountName: Ngt_0
timestamps:
  login: 1485696281458
  logout: 1485698238517
  lastteleport: 1484840742042
ipAddress: 14.132.225.58
lastlocation:
  world: world
  x: -891.3598706010472
  y: 72.86859856141189
  z: 300.07137949449117
  yaw: -104.21838
  pitch: 7.349981
logoutlocation:
  world: world
  x: -224.4121237318627
  y: 75.0
  z: 273.1129683791546
  yaw: -258.32047
  pitch: 27.0
afk: false
