lastAccountName: Ngt_0
timestamps:
  login: 1485781599785
  logout: 1485785106730
  lastteleport: 1484840742042
ipAddress: 14.132.225.58
lastlocation:
  world: world
  x: -891.3598706010472
  y: 72.86859856141189
  z: 300.07137949449117
  yaw: -104.21838
  pitch: 7.349981
logoutlocation:
  world: world
  x: -90.39559979840747
  y: 78.98746798473438
  z: 195.32271110588175
  yaw: 98.61438
  pitch: 5.3998556
afk: false
