lastAccountName: Ngt_0
timestamps:
  login: 1486123391404
  logout: 1486126960270
  lastteleport: 1484840742042
  jail: 0
ipAddress: 14.132.192.46
lastlocation:
  world: world
  x: -258.5
  y: 49.41999998688698
  z: 234.5
  yaw: -4.7990847
  pitch: 19.349955
logoutlocation:
  world: world
  x: -2058.629355178995
  y: 110.0
  z: 2619.124694998784
  yaw: 280.34717
  pitch: 26.850006
afk: false
money: '0.0'
jailed: false
