lastAccountName: Ngt_0
timestamps:
  login: 1484567724872
  logout: 1484580642728
  lastteleport: 1484577478444
ipAddress: 14.132.185.68
lastlocation:
  world: world
  x: -133.64437838235216
  y: 63.0
  z: 259.9996105881601
  yaw: 260.85013
  pitch: 19.799994
logoutlocation:
  world: world
  x: -198.95465156172685
  y: 70.0
  z: 258.21262559188233
  yaw: -93.17383
  pitch: 14.850017
afk: false
