lastAccountName: Ngt_0
timestamps:
  login: 1484841640029
  logout: 1484842573471
  lastteleport: 1484840742042
ipAddress: 14.132.185.68
lastlocation:
  world: world
  x: -186.5
  y: 70.0
  z: 257.5
  yaw: -0.3
  pitch: 0.0
logoutlocation:
  world: world
  x: -268.69999998807907
  y: 16.0
  z: 383.1942005602549
  yaw: 64.05039
  pitch: 12.449991
afk: false
