lastAccountName: Ngt_0
timestamps:
  login: 1490512422447
  logout: 1490532052820
  lastteleport: 1484840742042
  jail: 0
ipAddress: 14.132.216.32
lastlocation:
  world: world
  x: -258.5
  y: 49.41999998688698
  z: 234.5
  yaw: -4.7990847
  pitch: 19.349955
logoutlocation:
  world: world
  x: -285.12178131271133
  y: 70.0
  z: 694.5311804524711
  yaw: -169.94788
  pitch: 20.09993
afk: false
money: '0.0'
jailed: false
