lastAccountName: Ngt_0
timestamps:
  login: 1485440546484
  logout: 1485440926171
  lastteleport: 1484840742042
ipAddress: 14.132.211.55
lastlocation:
  world: world
  x: -891.3598706010472
  y: 72.86859856141189
  z: 300.07137949449117
  yaw: -104.21838
  pitch: 7.349981
logoutlocation:
  world: world
  x: -262.99657952542304
  y: 74.0
  z: 213.275922797169
  yaw: -40.416748
  pitch: 45.000126
afk: false
