lastAccountName: Ngt_0
timestamps:
  login: 1484482234936
  logout: 1484494058365
  lastteleport: 1483592951750
ipAddress: 14.132.185.68
lastlocation:
  world: world
  x: -472.87592632272185
  y: 63.85000001788139
  z: 362.8470393613004
  yaw: 301.14166
  pitch: 0.4499528
logoutlocation:
  world: world
  x: -135.56237245274946
  y: 63.0
  z: 257.6571364385339
  yaw: 272.54764
  pitch: -8.849924
afk: false
