lastAccountName: Ngt_0
timestamps:
  login: 1485092261783
  logout: 1485096475880
  lastteleport: 1484840742042
ipAddress: 14.132.185.68
lastlocation:
  world: world
  x: -186.5
  y: 70.0
  z: 257.5
  yaw: -0.3
  pitch: 0.0
logoutlocation:
  world: world
  x: -285.03720993871354
  y: 70.0
  z: 393.1024801014301
  yaw: 243.78871
  pitch: -2.4000592
afk: false
