lastAccountName: Ngt_0
timestamps:
  login: 1485354754595
  logout: 1485354751979
  lastteleport: 1484840742042
ipAddress: 14.132.185.68
lastlocation:
  world: world
  x: -891.3598706010472
  y: 72.86859856141189
  z: 300.07137949449117
  yaw: -104.21838
  pitch: 7.349981
logoutlocation:
  world: world
  x: -198.99171125303323
  y: 70.0
  z: 258.26331263087735
  yaw: -11.249603
  pitch: -6.1500044
afk: false
