lastAccountName: Ngt_0
timestamps:
  login: 1484742246394
  logout: 1484753222505
  lastteleport: 1484744677631
ipAddress: 14.132.185.68
lastlocation:
  world: world
  x: -1488.7585490741053
  y: 76.61294343808963
  z: 50.02792371447722
  yaw: -221.09985
  pitch: 84.600006
logoutlocation:
  world: world
  x: -183.34602396737196
  y: 71.0
  z: 239.9600608407856
  yaw: 341.39746
  pitch: 9.750013
afk: false
