lastlocation:
  world: world
  x: -420.68296160842914
  y: 92.47208029337797
  z: 197.49658252778352
  yaw: -271.7996
  pitch: 35.99992
timestamps:
  lastteleport: 1484755055683
  logout: 1484756776490
  login: 1484756048127
homes:
  home:
    world: world
    x: -815.8095582783953
    y: 256.37394011967854
    z: 30.40766909360923
    yaw: 296.84988
    pitch: 44.699993
logoutlocation:
  world: world
  x: -810.7477323723388
  y: 256.0
  z: 33.81558126515341
  yaw: 317.2508
  pitch: 51.45
lastAccountName: sm0n
ipAddress: 118.20.51.83
afk: false
