lastlocation:
  world: world
  x: -228.3626728896697
  y: 39.0
  z: 382.35354184884073
  yaw: -343.8139
  pitch: 62.400436
timestamps:
  lastteleport: 1484837669868
  logout: 1484838360448
  login: 1484835675605
homes:
  home:
    world: world
    x: -815.8095582783953
    y: 256.37394011967854
    z: 30.40766909360923
    yaw: 296.84988
    pitch: 44.699993
logoutlocation:
  world: world
  x: -193.50387584969008
  y: 55.0
  z: 314.67651458388843
  yaw: -173.70105
  pitch: -3.150032
lastAccountName: sm0n
ipAddress: 118.20.51.83
afk: false
