lastlocation:
  world: world
  x: -186.5
  y: 70.0
  z: 257.5
  yaw: 74.54999
  pitch: 12.749994
timestamps:
  lastteleport: 1484667896821
  logout: 1484669877240
  login: 1484667783393
homes:
  home:
    world: world
    x: -815.8095582783953
    y: 256.37394011967854
    z: 30.40766909360923
    yaw: 296.84988
    pitch: 44.699993
logoutlocation:
  world: world
  x: -436.5069747717554
  y: 70.2353528007938
  z: 205.1229167881916
  yaw: -258.1502
  pitch: 60.899967
lastAccountName: sm0n
ipAddress: 118.20.51.83
afk: false
