lastlocation:
  world: world
  x: -293.03409119517727
  y: 70.88571815956622
  z: 257.78349683345755
  yaw: -80.69983
  pitch: 23.099892
timestamps:
  lastteleport: 1484372839612
  logout: 1484373247952
  login: 1484372456346
homes:
  home:
    world: world
    x: -815.8095582783953
    y: 256.37394011967854
    z: 30.40766909360923
    yaw: 296.84988
    pitch: 44.699993
logoutlocation:
  world: world
  x: -191.32744288570555
  y: 80.5
  z: 252.7499690383501
  yaw: 103.199974
  pitch: 13.349977
lastAccountName: sm0n
ipAddress: 118.20.51.83
afk: false
