lastAccountName: huratukibito
timestamps:
  login: 1490530326181
  logout: 1490531367550
ipAddress: 27.113.205.145
lastlocation:
  world: world
  x: -820.2643093446717
  y: 73.99188600302361
  z: 257.05697215619483
  yaw: -140.9939
  pitch: 55.649986
logoutlocation:
  world: world
  x: -262.8185134610527
  y: 70.90779718977033
  z: 671.4395847776203
  yaw: 142.08203
  pitch: 42.29995
