lastAccountName: huratukibito
timestamps:
  login: 1490462437372
  logout: 1490467763604
ipAddress: 27.113.205.145
lastlocation:
  world: world
  x: -820.2643093446717
  y: 73.99188600302361
  z: 257.05697215619483
  yaw: -140.9939
  pitch: 55.649986
logoutlocation:
  world: world
  x: -293.44465175008156
  y: 65.74874464192135
  z: 681.2103146874584
  yaw: 353.22534
  pitch: 14.699955
