timestamps:
  lastteleport: 1484488057689
  logout: 1484494229765
  login: 1484481380408
lastlocation:
  world: world
  x: -118.02347768718687
  y: 81.34625210546456
  z: 199.6140144169871
  yaw: -293.0531
  pitch: 31.950035
homes:
  home:
    world: world
    x: -166.46393492761214
    y: 75.0
    z: 235.23228993775467
    yaw: -205.60255
    pitch: 37.649982
logoutlocation:
  world: world
  x: -152.2452498382558
  y: 71.0
  z: 215.54773018749145
  yaw: -298.2793
  pitch: 9.14974
lastAccountName: lm0x
ipAddress: 127.0.0.1
afk: false
