timestamps:
  lastteleport: 1485774146291
  logout: 1485776310779
  login: 1485774136186
lastlocation:
  world: world
  x: -167.19965771899095
  y: 84.0
  z: 239.64641982929314
  yaw: 69.773605
  pitch: 25.950022
homes:
  home:
    world: world
    x: -166.46393492761214
    y: 75.0
    z: 235.23228993775467
    yaw: -205.60255
    pitch: 37.649982
logoutlocation:
  world: world
  x: -914.973588729779
  y: 71.49677759112907
  z: 301.8221411225565
  yaw: -204.78247
  pitch: 32.69985
lastAccountName: lm0x
ipAddress: 127.0.0.1
afk: false
