timestamps:
  lastteleport: 1486125205240
  logout: 1486125256431
  login: 1486124528597
lastlocation:
  world: world
  x: -2058.6510649128154
  y: 110.0
  z: 2620.584774029082
  yaw: 324.89865
  pitch: 90.0
homes:
  home:
    world: world
    x: -166.46393492761214
    y: 75.0
    z: 235.23228993775467
    yaw: -205.60255
    pitch: 37.649982
logoutlocation:
  world: world
  x: -2056.924092471661
  y: 111.74279817900387
  z: 2611.3143051430575
  yaw: 25.200012
  pitch: 55.649994
lastAccountName: lm0x
ipAddress: 127.0.0.1
afk: false
