timestamps:
  lastteleport: 1485183743002
  logout: 1485183883633
  login: 1485173787403
lastlocation:
  world: world
  x: -933.3000000119209
  y: 55.0
  z: 651.7414546989386
  yaw: -131.68765
  pitch: 36.150074
homes:
  home:
    world: world
    x: -166.46393492761214
    y: 75.0
    z: 235.23228993775467
    yaw: -205.60255
    pitch: 37.649982
logoutlocation:
  world: world
  x: -244.5170691133044
  y: 67.50619324471597
  z: 209.0052921328985
  yaw: 32.897552
  pitch: 36.600014
lastAccountName: lm0x
ipAddress: 127.0.0.1
afk: false
