timestamps:
  lastteleport: 1484582714494
  logout: 1484582768124
  login: 1484575057244
lastlocation:
  world: world
  x: -231.89755974059142
  y: 9.0
  z: 317.5510842481332
  yaw: 350.1438
  pitch: 37.950153
homes:
  home:
    world: world
    x: -166.46393492761214
    y: 75.0
    z: 235.23228993775467
    yaw: -205.60255
    pitch: 37.649982
logoutlocation:
  world: world
  x: -180.44673037975775
  y: 71.0
  z: 240.710598213007
  yaw: 100.69757
  pitch: 27.149994
lastAccountName: lm0x
ipAddress: 127.0.0.1
afk: false
