timestamps:
  lastteleport: 1486640248405
  logout: 1486641731924
  login: 1486640060525
lastlocation:
  world: world
  x: -1986.9794355140743
  y: 111.74279817900387
  z: 2529.403167567109
  yaw: -143.70004
  pitch: 15.150008
homes:
  home:
    world: world
    x: -166.46393492761214
    y: 75.0
    z: 235.23228993775467
    yaw: -205.60255
    pitch: 37.649982
logoutlocation:
  world: world
  x: -168.34178379757213
  y: 63.0
  z: 267.50303900218586
  yaw: -184.4519
  pitch: 5.549998
lastAccountName: lm0x
ipAddress: 127.0.0.1
afk: false
