timestamps:
  lastteleport: 1484333064024
  logout: 1484373208254
  login: 1484374530353
lastlocation:
  world: world
  x: -214.06614532794077
  y: 69.0
  z: 206.84026556704308
  yaw: -34.98062
  pitch: 36.9
homes:
  home:
    world: world
    x: -166.46393492761214
    y: 75.0
    z: 235.23228993775467
    yaw: -205.60255
    pitch: 37.649982
logoutlocation:
  world: world
  x: -126.78817912365537
  y: 70.0
  z: 258.878064711911
  yaw: -184.64941
  pitch: 45.75
lastAccountName: lm0x
ipAddress: 127.0.0.1
afk: false
