timestamps:
  lastteleport: 1485520385067
  logout: 1485529640340
  login: 1485519789663
lastlocation:
  world: world
  x: -125.30000001192093
  y: 75.0
  z: 205.69999998807907
  yaw: -213.81787
  pitch: 15.000026
homes:
  home:
    world: world
    x: -166.46393492761214
    y: 75.0
    z: 235.23228993775467
    yaw: -205.60255
    pitch: 37.649982
logoutlocation:
  world: world
  x: -162.03547798788833
  y: 75.0
  z: 247.8782575497349
  yaw: -268.20215
  pitch: 61.95004
lastAccountName: lm0x
ipAddress: 127.0.0.1
afk: false
