timestamps:
  lastteleport: 1485183743002
  logout: 1485275349611
  login: 1485268440734
lastlocation:
  world: world
  x: -933.3000000119209
  y: 55.0
  z: 651.7414546989386
  yaw: -131.68765
  pitch: 36.150074
homes:
  home:
    world: world
    x: -166.46393492761214
    y: 75.0
    z: 235.23228993775467
    yaw: -205.60255
    pitch: 37.649982
logoutlocation:
  world: world
  x: -183.92481406140405
  y: 75.0
  z: 171.90048530033908
  yaw: -348.7154
  pitch: -9.450054
lastAccountName: lm0x
ipAddress: 127.0.0.1
afk: false
