timestamps:
  lastteleport: 1486047212319
  logout: 1486047783154
  login: 1486038889103
lastlocation:
  world: gaikaku
  x: -131.2679186469163
  y: 200.5
  z: -211.43190730621595
  yaw: 92.10095
  pitch: 68.54999
homes:
  home:
    world: world
    x: -166.46393492761214
    y: 75.0
    z: 235.23228993775467
    yaw: -205.60255
    pitch: 37.649982
logoutlocation:
  world: world
  x: -272.19984025438475
  y: 66.49583970154625
  z: 201.30000001192093
  yaw: -94.6488
  pitch: 48.449924
lastAccountName: lm0x
ipAddress: 127.0.0.1
afk: false
