timestamps:
  lastteleport: 1485022477826
  logout: 1485009611759
  login: 1485011045111
lastlocation:
  world: world
  x: -111.18684535839299
  y: 90.54076165474432
  z: 257.2672224534961
  yaw: -2.752411
  pitch: 1.7999887
homes:
  home:
    world: world
    x: -166.46393492761214
    y: 75.0
    z: 235.23228993775467
    yaw: -205.60255
    pitch: 37.649982
logoutlocation:
  world: world
  x: -136.33001276725454
  y: 101.94158300959424
  z: 219.79084817601338
  yaw: -143.19568
  pitch: 40.199905
lastAccountName: lm0x
ipAddress: 127.0.0.1
afk: false
