timestamps:
  lastteleport: 1484668661575
  logout: 1484669204095
  login: 1484668649449
lastlocation:
  world: world
  x: -241.32384875237767
  y: 78.41899759245537
  z: 249.82046836177895
  yaw: -20.400013
  pitch: 42.90001
homes:
  home:
    world: world
    x: -166.46393492761214
    y: 75.0
    z: 235.23228993775467
    yaw: -205.60255
    pitch: 37.649982
logoutlocation:
  world: world
  x: -130.68549331572405
  y: 73.0
  z: 196.19363821379838
  yaw: -126.29952
  pitch: 9.299906
lastAccountName: lm0x
ipAddress: 127.0.0.1
afk: false
