timestamps:
  lastteleport: 1484752152340
  logout: 1484752436413
  login: 1484737438823
lastlocation:
  world: world
  x: -515.9571352627124
  y: 64.83058905195695
  z: 261.37363309692586
  yaw: -74.62598
  pitch: 9.899914
homes:
  home:
    world: world
    x: -166.46393492761214
    y: 75.0
    z: 235.23228993775467
    yaw: -205.60255
    pitch: 37.649982
logoutlocation:
  world: world
  x: -232.5318330751159
  y: 10.742813003750637
  z: 321.29924491866984
  yaw: 57.15049
  pitch: 7.499942
lastAccountName: lm0x
ipAddress: 127.0.0.1
afk: false
