timestamps:
  lastteleport: 1484924171011
  logout: 1485009611759
  login: 1485001775843
lastlocation:
  world: world
  x: -406.7939312613121
  y: 48.200000047683716
  z: 356.30000001192093
  yaw: -153.10913
  pitch: 21.600042
homes:
  home:
    world: world
    x: -166.46393492761214
    y: 75.0
    z: 235.23228993775467
    yaw: -205.60255
    pitch: 37.649982
logoutlocation:
  world: world
  x: -136.33001276725454
  y: 101.94158300959424
  z: 219.79084817601338
  yaw: -143.19568
  pitch: 40.199905
lastAccountName: lm0x
ipAddress: 127.0.0.1
afk: false
