timestamps:
  lastteleport: 1490463511756
  logout: 1490466188250
  login: 1490454590396
lastlocation:
  world: world
  x: -276.5548882339592
  y: 65.23699229213781
  z: 656.3000000119209
  yaw: -325.46143
  pitch: -1.6499985
homes:
  home:
    world: world
    x: -166.46393492761214
    y: 75.0
    z: 235.23228993775467
    yaw: -205.60255
    pitch: 37.649982
logoutlocation:
  world: world
  x: -283.18974669889707
  y: 73.63217504392361
  z: 660.984698751116
  yaw: -306.02832
  pitch: 24.750273
lastAccountName: lm0x
ipAddress: 127.0.0.1
afk: false
