timestamps:
  lastteleport: 1484924171011
  logout: 1484933216021
  login: 1484920767640
lastlocation:
  world: world
  x: -406.7939312613121
  y: 48.200000047683716
  z: 356.30000001192093
  yaw: -153.10913
  pitch: 21.600042
homes:
  home:
    world: world
    x: -166.46393492761214
    y: 75.0
    z: 235.23228993775467
    yaw: -205.60255
    pitch: 37.649982
logoutlocation:
  world: world
  x: -266.8210246371955
  y: 16.0
  z: 384.832222806719
  yaw: -69.52661
  pitch: -6.1499186
lastAccountName: lm0x
ipAddress: 127.0.0.1
afk: false
