timestamps:
  lastteleport: 1485586176419
  logout: 1485612845492
  login: 1485611815269
lastlocation:
  world: world
  x: -87.68276844140044
  y: 72.0
  z: 173.9115788187973
  yaw: -70.22833
  pitch: 57.900017
homes:
  home:
    world: world
    x: -166.46393492761214
    y: 75.0
    z: 235.23228993775467
    yaw: -205.60255
    pitch: 37.649982
logoutlocation:
  world: world
  x: -135.52239874559805
  y: 67.60319368068102
  z: 267.63626159314504
  yaw: -245.51758
  pitch: 46.949955
lastAccountName: lm0x
ipAddress: 127.0.0.1
afk: false
