timestamps:
  lastteleport: 1485679348419
  logout: 1485681614368
  login: 1485672586676
lastlocation:
  world: world
  x: -1078.1211971019775
  y: 75.35375693229878
  z: 938.9590639985639
  yaw: -67.72167
  pitch: 39.599842
homes:
  home:
    world: world
    x: -166.46393492761214
    y: 75.0
    z: 235.23228993775467
    yaw: -205.60255
    pitch: 37.649982
logoutlocation:
  world: world
  x: -167.26058548111467
  y: 84.5
  z: 238.57596173743258
  yaw: 11.723566
  pitch: 35.550022
lastAccountName: lm0x
ipAddress: 127.0.0.1
afk: false
