timestamps:
  lastteleport: 1485351926506
  logout: 1485357661327
  login: 1485352880497
lastlocation:
  world: world
  x: -907.9297607847275
  y: 76.61647202162557
  z: 1018.6756302082747
  yaw: -177.42444
  pitch: -8.549972
homes:
  home:
    world: world
    x: -166.46393492761214
    y: 75.0
    z: 235.23228993775467
    yaw: -205.60255
    pitch: 37.649982
logoutlocation:
  world: world
  x: -217.41268088439057
  y: 71.0
  z: 198.78961125766583
  yaw: -209.35059
  pitch: 17.250029
lastAccountName: lm0x
ipAddress: 127.0.0.1
afk: false
