timestamps:
  lastteleport: 1484842832262
  logout: 1484843007977
  login: 1484827104909
lastlocation:
  world: world
  x: -266.8096240701325
  y: 16.0
  z: 382.82130151152586
  yaw: -169.04492
  pitch: 43.349915
homes:
  home:
    world: world
    x: -166.46393492761214
    y: 75.0
    z: 235.23228993775467
    yaw: -205.60255
    pitch: 37.649982
logoutlocation:
  world: world
  x: -266.2291583389994
  y: 16.0
  z: 384.4054603415601
  yaw: -203.80219
  pitch: -15.149961
lastAccountName: lm0x
ipAddress: 127.0.0.1
afk: false
