timestamps:
  lastteleport: 1485098088647
  logout: 1485086568623
  login: 1485092264303
lastlocation:
  world: world
  x: -1144.4367663625849
  y: 70.28095988513158
  z: 1022.7492543769935
  yaw: -85.650246
  pitch: -6.300029
homes:
  home:
    world: world
    x: -166.46393492761214
    y: 75.0
    z: 235.23228993775467
    yaw: -205.60255
    pitch: 37.649982
logoutlocation:
  world: world
  x: -232.25467828682702
  y: 72.20000004768372
  z: 332.30000001192093
  yaw: 299.34772
  pitch: 1.350007
lastAccountName: lm0x
ipAddress: 127.0.0.1
afk: false
