lastAccountName: Flasushi
timestamps:
  login: 1485351281538
  lastteleport: 1485177964965
  logout: 1485356939470
ipAddress: 49.251.167.8
afk: false
lastlocation:
  world: world
  x: -890.5811911744163
  y: 78.24341321608179
  z: 264.50398126072497
  yaw: 227.25488
  pitch: 56.099957
logoutlocation:
  world: world
  x: -214.3256186941743
  y: 75.92050079942096
  z: 169.16353459509338
  yaw: 199.44238
  pitch: 58.199898
homes:
  home:
    world: world
    x: -186.34242706278548
    y: 55.0
    z: 311.131388304596
    yaw: 182.81642
    pitch: 24.599878
