lastAccountName: Flasushi
timestamps:
  login: 1484411049649
  lastteleport: 1484234603656
  logout: 1484417044042
ipAddress: 49.251.167.8
afk: false
lastlocation:
  world: world
  x: -185.5
  y: 65.0
  z: 254.5
  yaw: 26.699999
  pitch: -0.15
logoutlocation:
  world: world
  x: -325.40093639399714
  y: 71.0
  z: 272.3573344270205
  yaw: -184.2325
  pitch: 35.999954
