lastAccountName: Flasushi
timestamps:
  login: 1490538143901
  lastteleport: 1485521238023
  logout: 1490538229117
ipAddress: 49.251.167.8
afk: false
lastlocation:
  world: world
  x: 598.5
  y: 61.0
  z: 2752.5
  yaw: -30.203283
  pitch: 9.4500475
logoutlocation:
  world: world
  x: -181.5
  y: 66.0
  z: 275.5
  yaw: 15.600008
  pitch: 0.60000056
homes:
  home:
    world: world
    x: -186.34242706278548
    y: 55.0
    z: 311.131388304596
    yaw: 182.81642
    pitch: 24.599878
