lastAccountName: Flasushi
timestamps:
  login: 1485517324200
  lastteleport: 1485521238023
  logout: 1485529626096
ipAddress: 49.251.167.8
afk: false
lastlocation:
  world: world
  x: 598.5
  y: 61.0
  z: 2752.5
  yaw: -30.203283
  pitch: 9.4500475
logoutlocation:
  world: world
  x: -192.08654792562842
  y: 96.208922687834
  z: 195.24701127738945
  yaw: 26.346802
  pitch: 27.900373
homes:
  home:
    world: world
    x: -186.34242706278548
    y: 55.0
    z: 311.131388304596
    yaw: 182.81642
    pitch: 24.599878
