lastAccountName: Flasushi
timestamps:
  login: 1485174305043
  lastteleport: 1485177964965
  logout: 1485178194505
ipAddress: 49.251.167.8
afk: false
lastlocation:
  world: world
  x: -890.5811911744163
  y: 78.24341321608179
  z: 264.50398126072497
  yaw: 227.25488
  pitch: 56.099957
logoutlocation:
  world: world
  x: -186.2316267293486
  y: 90.0
  z: 280.66478123518857
  yaw: 22.31517
  pitch: 34.94962
homes:
  home:
    world: world
    x: -186.34242706278548
    y: 55.0
    z: 311.131388304596
    yaw: 182.81642
    pitch: 24.599878
