lastAccountName: Flasushi
timestamps:
  login: 1485002053045
  lastteleport: 1485002836939
  logout: 1485006453662
ipAddress: 49.251.167.8
afk: false
lastlocation:
  world: world
  x: -277.9957400515198
  y: 16.08240710983459
  z: 390.28556099969245
  yaw: -269.58487
  pitch: 10.350572
logoutlocation:
  world: world
  x: -159.02017824717302
  y: 71.63689454790746
  z: 210.17888237205025
  yaw: 358.55493
  pitch: 42.90006
homes:
  home:
    world: world
    x: -186.34242706278548
    y: 55.0
    z: 311.131388304596
    yaw: 182.81642
    pitch: 24.599878
