lastAccountName: Flasushi
timestamps:
  login: 1484920818914
  lastteleport: 1484920485097
  logout: 1484930497863
ipAddress: 49.251.167.8
afk: false
lastlocation:
  world: world
  x: -256.0098284264293
  y: 16.0
  z: 385.352260553922
  yaw: 26.169952
  pitch: 15.600032
logoutlocation:
  world: world
  x: -253.90257010840912
  y: 16.0
  z: 381.529317606114
  yaw: -180.97229
  pitch: 19.049864
homes:
  home:
    world: world
    x: -186.34242706278548
    y: 55.0
    z: 311.131388304596
    yaw: 182.81642
    pitch: 24.599878
