lastAccountName: Flasushi
timestamps:
  login: 1490455230843
  lastteleport: 1485521238023
  logout: 1490459792463
ipAddress: 49.251.167.8
afk: false
lastlocation:
  world: world
  x: 598.5
  y: 61.0
  z: 2752.5
  yaw: -30.203283
  pitch: 9.4500475
logoutlocation:
  world: world
  x: -286.7228760939951
  y: 77.20165764181694
  z: 435.4892601593661
  yaw: -157.00008
  pitch: 23.099764
homes:
  home:
    world: world
    x: -186.34242706278548
    y: 55.0
    z: 311.131388304596
    yaw: 182.81642
    pitch: 24.599878
