lastAccountName: Flasushi
timestamps:
  login: 1484654038196
  lastteleport: 1484663480992
  logout: 1484663934559
ipAddress: 49.251.167.8
afk: false
lastlocation:
  world: world
  x: -153.35304800996224
  y: 70.0
  z: 256.416688242144
  yaw: 158.21906
  pitch: 41.849937
logoutlocation:
  world: world
  x: -184.7977161382592
  y: 53.0
  z: 301.376597938754
  yaw: -137.88393
  pitch: 13.349906
homes:
  home:
    world: world
    x: -186.34242706278548
    y: 55.0
    z: 311.131388304596
    yaw: 182.81642
    pitch: 24.599878
