lastAccountName: Flasushi
timestamps:
  login: 1484833934523
  lastteleport: 1484838836569
  logout: 1484841248954
ipAddress: 49.251.167.8
afk: false
lastlocation:
  world: world
  x: -265.4495108994917
  y: 16.0
  z: 384.1064796792716
  yaw: 211.62231
  pitch: 5.8496976
logoutlocation:
  world: world
  x: -262.75163876466877
  y: 17.0
  z: 381.5835638800207
  yaw: 351.52362
  pitch: 30.600054
homes:
  home:
    world: world
    x: -186.34242706278548
    y: 55.0
    z: 311.131388304596
    yaw: 182.81642
    pitch: 24.599878
