lastAccountName: Flasushi
timestamps:
  login: 1484234341454
  lastteleport: 1484234603656
  logout: 1484235659532
ipAddress: 49.251.167.8
afk: false
lastlocation:
  world: world
  x: -185.5
  y: 65.0
  z: 254.5
  yaw: 26.699999
  pitch: -0.15
logoutlocation:
  world: world
  x: -179.10797860924495
  y: 70.0
  z: 256.6307430640813
  yaw: -270.3991
  pitch: 5.8499446
