lastAccountName: Flasushi
timestamps:
  login: 1484747092780
  lastteleport: 1484750105169
  logout: 1484750430516
ipAddress: 49.251.167.8
afk: false
lastlocation:
  world: world
  x: -1384.0882648345398
  y: 11.0
  z: 1934.3889641561157
  yaw: -234.31201
  pitch: 16.501049
logoutlocation:
  world: world
  x: -174.6745301725342
  y: 67.9375
  z: 198.05812572521015
  yaw: -1.5338745
  pitch: 18.59987
homes:
  home:
    world: world
    x: -186.34242706278548
    y: 55.0
    z: 311.131388304596
    yaw: 182.81642
    pitch: 24.599878
