lastAccountName: Flasushi
timestamps:
  login: 1485092264559
  lastteleport: 1485093446117
  logout: 1485096088936
ipAddress: 49.251.167.8
afk: false
lastlocation:
  world: world
  x: -189.5677057264623
  y: 18.480940908286854
  z: 271.30000001192093
  yaw: 177.20593
  pitch: -28.64991
logoutlocation:
  world: world
  x: -294.69413573410907
  y: 66.0
  z: 395.99073059490803
  yaw: -122.58082
  pitch: 37.949978
homes:
  home:
    world: world
    x: -186.34242706278548
    y: 55.0
    z: 311.131388304596
    yaw: 182.81642
    pitch: 24.599878
