lastAccountName: Flasushi
timestamps:
  login: 1485582205914
  lastteleport: 1485521238023
  logout: 1485588552251
ipAddress: 49.251.167.8
afk: false
lastlocation:
  world: world
  x: 598.5
  y: 61.0
  z: 2752.5
  yaw: -30.203283
  pitch: 9.4500475
logoutlocation:
  world: world
  x: -57.45350774637056
  y: 86.11740202713568
  z: 187.93601000186501
  yaw: 132.98901
  pitch: 33.299988
homes:
  home:
    world: world
    x: -186.34242706278548
    y: 55.0
    z: 311.131388304596
    yaw: 182.81642
    pitch: 24.599878
