lastAccountName: Flasushi
timestamps:
  login: 1485090085387
  lastteleport: 1485002836939
  logout: 1485092101696
ipAddress: 49.251.167.8
afk: false
lastlocation:
  world: world
  x: -277.9957400515198
  y: 16.08240710983459
  z: 390.28556099969245
  yaw: -269.58487
  pitch: 10.350572
logoutlocation:
  world: world
  x: -206.75836469727122
  y: 63.07519304896145
  z: 329.4595013859743
  yaw: 113.75311
  pitch: 32.400105
homes:
  home:
    world: world
    x: -186.34242706278548
    y: 55.0
    z: 311.131388304596
    yaw: 182.81642
    pitch: 24.599878
