jails: 
  jail1: 
    world: world
    x: -277.7115708617191
    y: 70.0
    z: 263.7559121147779
    yaw: -84.00008
    pitch: 69.74999
